 584.000000000000    547.000000000000
 567.000000000000    541.000000000000
 558.000000000000    532.000000000000
 550.000000000000    519.000000000000
 543.000000000000    504.000000000000
 537.000000000000    481.000000000000
 538.000000000000    449.000000000000
 542.000000000000    416.000000000000
 546.000000000000    402.000000000000
 559.000000000000    372.000000000000
 591.000000000000    341.000000000000
 633.000000000000    330.000000000000
 664.000000000000    343.000000000000
 686.000000000000    368.000000000000
 702.000000000000    406.000000000000
 701.000000000000    461.000000000000
 692.000000000000    499.000000000000
 679.000000000000    528.000000000000
 643.000000000000    554.000000000000
 613.000000000000    560.000000000000
 591.000000000000    548.000000000000
 586.000000000000    546.000000000000
