 198.000000000000    455.000000000000
 218.000000000000    468.000000000000
 249.000000000000    481.000000000000
 263.000000000000    499.000000000000
 272.000000000000    520.000000000000
 262.000000000000    476.000000000000
 260.000000000000    451.000000000000
 253.000000000000    423.000000000000
 253.000000000000    389.000000000000
 246.000000000000    356.000000000000
 244.000000000000    341.000000000000
 239.000000000000    318.000000000000
 208.000000000000    307.000000000000
 173.000000000000    294.000000000000
 233.000000000000    308.000000000000
 258.000000000000    309.000000000000
 280.000000000000    305.000000000000
 313.000000000000    299.000000000000
