 439.000000000000    531.000000000000
 472.000000000000    543.000000000000
 501.000000000000    553.000000000000
 537.000000000000    538.000000000000
 545.000000000000    512.000000000000
 547.000000000000    488.000000000000
 527.000000000000    470.000000000000
 503.000000000000    436.000000000000
 474.000000000000    412.000000000000
 448.000000000000    384.000000000000
 414.000000000000    354.000000000000
 398.000000000000    331.000000000000
 416.000000000000    330.000000000000
 437.000000000000    332.000000000000
 484.000000000000    338.000000000000
 520.000000000000    330.000000000000
 553.000000000000    330.000000000000
 574.000000000000    328.000000000000
