 538.000000000000    527.000000000000
 574.000000000000    544.000000000000
 608.000000000000    556.000000000000
 643.000000000000    535.000000000000
 648.000000000000    517.000000000000
 651.000000000000    495.000000000000
 642.000000000000    476.000000000000
 628.000000000000    466.000000000000
 609.000000000000    454.000000000000
 597.000000000000    447.000000000000
 584.000000000000    440.000000000000
 573.000000000000    429.000000000000
 583.000000000000    418.000000000000
 594.000000000000    410.000000000000
 609.000000000000    394.000000000000
 616.000000000000    384.000000000000
 617.000000000000    366.000000000000
 617.000000000000    354.000000000000
 610.000000000000    343.000000000000
 601.000000000000    327.000000000000
 591.000000000000    319.000000000000
 562.000000000000    318.000000000000
 537.000000000000    315.000000000000
 497.000000000000    305.000000000000
