 626.000000000000    553.000000000000
 611.000000000000    531.000000000000
 592.000000000000    509.000000000000
 579.000000000000    488.000000000000
 563.000000000000    458.000000000000
 545.000000000000    436.000000000000
 535.000000000000    415.000000000000
 549.000000000000    414.000000000000
 569.000000000000    416.000000000000
 596.000000000000    412.000000000000
 619.000000000000    412.000000000000
 636.000000000000    414.000000000000
 653.000000000000    418.000000000000
 662.000000000000    414.000000000000
 653.000000000000    451.000000000000
 632.000000000000    467.000000000000
 633.000000000000    440.000000000000
 633.000000000000    420.000000000000
 632.000000000000    396.000000000000
 631.000000000000    378.000000000000
 632.000000000000    353.000000000000
 631.000000000000    331.000000000000
 625.000000000000    310.000000000000
 628.000000000000    284.000000000000
