 670.000000000000    541.000000000000
 632.000000000000    546.000000000000
 583.000000000000    538.000000000000
 563.000000000000    542.000000000000
 558.000000000000    512.000000000000
 558.000000000000    487.000000000000
 557.000000000000    463.000000000000
 554.000000000000    441.000000000000
 566.000000000000    442.000000000000
 592.000000000000    446.000000000000
 632.000000000000    449.000000000000
 651.000000000000    446.000000000000
 680.000000000000    432.000000000000
 677.000000000000    417.000000000000
 681.000000000000    386.000000000000
 673.000000000000    353.000000000000
 662.000000000000    324.000000000000
 638.000000000000    318.000000000000
 607.000000000000    308.000000000000
 567.000000000000    306.000000000000
 533.000000000000    302.000000000000
