 610.000000000000    581.000000000000
 578.000000000000    578.000000000000
 565.000000000000    558.000000000000
 545.000000000000    530.000000000000
 532.000000000000    501.000000000000
 527.000000000000    467.000000000000
 525.000000000000    433.000000000000
 532.000000000000    385.000000000000
 557.000000000000    349.000000000000
 585.000000000000    335.000000000000
 620.000000000000    346.000000000000
 644.000000000000    366.000000000000
 653.000000000000    410.000000000000
 640.000000000000    435.000000000000
 604.000000000000    439.000000000000
 582.000000000000    436.000000000000
 554.000000000000    433.000000000000
 521.000000000000    432.000000000000
