 519.000000000000    550.000000000000
 559.000000000000    557.000000000000
 603.000000000000    554.000000000000
 635.000000000000    551.000000000000
 676.000000000000    544.000000000000
 656.000000000000    501.000000000000
 643.000000000000    469.000000000000
 636.000000000000    447.000000000000
 625.000000000000    416.000000000000
 613.000000000000    383.000000000000
 601.000000000000    347.000000000000
 586.000000000000    316.000000000000
 568.000000000000    286.000000000000
