 594.000000000000    540.000000000000
 566.000000000000    532.000000000000
 547.000000000000    508.000000000000
 533.000000000000    484.000000000000
 527.000000000000    456.000000000000
 550.000000000000    435.000000000000
 567.000000000000    427.000000000000
 603.000000000000    405.000000000000
 620.000000000000    390.000000000000
 637.000000000000    363.000000000000
 638.000000000000    340.000000000000
 630.000000000000    320.000000000000
 588.000000000000    311.000000000000
 546.000000000000    315.000000000000
 525.000000000000    342.000000000000
 533.000000000000    366.000000000000
 563.000000000000    390.000000000000
 583.000000000000    408.000000000000
 622.000000000000    426.000000000000
 651.000000000000    451.000000000000
 668.000000000000    469.000000000000
 661.000000000000    496.000000000000
 655.000000000000    526.000000000000
 624.000000000000    538.000000000000
 596.000000000000    537.000000000000
