 623.000000000000    541.000000000000
 575.000000000000    547.000000000000
 552.000000000000    534.000000000000
 529.000000000000    504.000000000000
 524.000000000000    481.000000000000
 523.000000000000    443.000000000000
 541.000000000000    430.000000000000
 585.000000000000    417.000000000000
 595.000000000000    421.000000000000
 622.000000000000    439.000000000000
 628.000000000000    459.000000000000
 631.000000000000    501.000000000000
 630.000000000000    540.000000000000
 629.000000000000    406.000000000000
 629.000000000000    365.000000000000
 627.000000000000    336.000000000000
 623.000000000000    298.000000000000
 618.000000000000    270.000000000000
 573.000000000000    268.000000000000
 548.000000000000    269.000000000000
 495.000000000000    277.000000000000
