 369.000000000000    496.000000000000
 407.000000000000    525.000000000000
 443.000000000000    530.000000000000
 466.000000000000    538.000000000000
 485.000000000000    529.000000000000
 505.000000000000    508.000000000000
 509.000000000000    477.000000000000
 499.000000000000    456.000000000000
 458.000000000000    426.000000000000
 442.000000000000    401.000000000000
 411.000000000000    366.000000000000
 394.000000000000    348.000000000000
 371.000000000000    319.000000000000
 358.000000000000    302.000000000000
 389.000000000000    304.000000000000
 423.000000000000    300.000000000000
 442.000000000000    300.000000000000
 474.000000000000    299.000000000000
 523.000000000000    298.000000000000
 break  break
 566.000000000000    375.000000000000
 588.000000000000    378.000000000000
 609.000000000000    379.000000000000
 648.000000000000    378.000000000000
 680.000000000000    376.000000000000
 break  break
 832.000000000000    550.000000000000
 807.000000000000    543.000000000000
 790.000000000000    520.000000000000
 779.000000000000    498.000000000000
 766.000000000000    471.000000000000
 763.000000000000    447.000000000000
 797.000000000000    424.000000000000
 804.000000000000    423.000000000000
 844.000000000000    402.000000000000
 845.000000000000    398.000000000000
 870.000000000000    378.000000000000
 872.000000000000    362.000000000000
 883.000000000000    332.000000000000
 871.000000000000    316.000000000000
 854.000000000000    310.000000000000
 820.000000000000    303.000000000000
 782.000000000000    304.000000000000
 766.000000000000    307.000000000000
 753.000000000000    353.000000000000
 760.000000000000    382.000000000000
 778.000000000000    399.000000000000
 797.000000000000    414.000000000000
 816.000000000000    424.000000000000
 842.000000000000    439.000000000000
 865.000000000000    459.000000000000
 882.000000000000    487.000000000000
 877.000000000000    518.000000000000
 850.000000000000    540.000000000000
 831.000000000000    552.000000000000