 514.000000000000    521.000000000000
 510.000000000000    522.000000000000
 497.000000000000    522.000000000000
 488.000000000000    519.000000000000
 484.000000000000    514.000000000000
 481.000000000000    509.000000000000
 471.000000000000    482.000000000000
 475.000000000000    472.000000000000
 477.000000000000    460.000000000000
 475.000000000000    440.000000000000
 471.000000000000    418.000000000000
 467.000000000000    389.000000000000
 463.000000000000    361.000000000000
 460.000000000000    344.000000000000
 458.000000000000    325.000000000000
 451.000000000000    298.000000000000
 444.000000000000    279.000000000000
 414.000000000000    256.000000000000
 384.000000000000    254.000000000000
 377.000000000000    258.000000000000
 break  break
 513.000000000000    391.000000000000
 512.000000000000    379.000000000000
 512.000000000000    365.000000000000
 513.000000000000    344.000000000000
 514.000000000000    329.000000000000
 513.000000000000    309.000000000000
 518.000000000000    296.000000000000
 539.000000000000    279.000000000000
 548.000000000000    280.000000000000
 553.000000000000    285.000000000000
 560.000000000000    299.000000000000
 561.000000000000    312.000000000000
 564.000000000000    323.000000000000
 563.000000000000    353.000000000000
 564.000000000000    370.000000000000
 566.000000000000    382.000000000000
 554.000000000000    193.000000000000
 552.000000000000    164.000000000000
 544.000000000000    149.000000000000
 510.000000000000    143.000000000000
 495.000000000000    151.000000000000
 498.000000000000    170.000000000000
 503.000000000000    199.000000000000
 break  break
 595.000000000000    331.000000000000
 627.000000000000    332.000000000000
 652.000000000000    333.000000000000
 685.000000000000    333.000000000000
 break  break
 806.000000000000    387.000000000000
 790.000000000000    396.000000000000
 768.000000000000    398.000000000000
 756.000000000000    394.000000000000
 737.000000000000    377.000000000000
 730.000000000000    361.000000000000
 720.000000000000    339.000000000000
 720.000000000000    314.000000000000
 734.000000000000    297.000000000000
 751.000000000000    292.000000000000
 789.000000000000    300.000000000000
 797.000000000000    304.000000000000
 806.000000000000    322.000000000000
 809.000000000000    345.000000000000
 812.000000000000    367.000000000000
 810.000000000000    388.000000000000
 808.000000000000    375.000000000000
 809.000000000000    353.000000000000
 812.000000000000    335.000000000000
 813.000000000000    315.000000000000
 810.000000000000    297.000000000000
 813.000000000000    291.000000000000
 843.000000000000    292.000000000000
 break  break
 517.000000000000    493.000000000000
 501.000000000000    484.000000000000
 496.000000000000    472.000000000000
 489.000000000000    444.000000000000
 484.000000000000    428.000000000000
 479.000000000000    403.000000000000
 476.000000000000    379.000000000000
 470.000000000000    354.000000000000
 466.000000000000    327.000000000000
 464.000000000000    305.000000000000
 460.000000000000    269.000000000000
 460.000000000000    253.000000000000
 458.000000000000    209.000000000000
 462.000000000000    185.000000000000
 464.000000000000    164.000000000000
 472.000000000000    139.000000000000
 480.000000000000    126.000000000000
 break  break
 820.000000000000    487.000000000000
 828.000000000000    477.000000000000
 844.000000000000    455.000000000000
 860.000000000000    431.000000000000
 870.000000000000    401.000000000000
 879.000000000000    356.000000000000
 881.000000000000    315.000000000000
 878.000000000000    275.000000000000
 875.000000000000    236.000000000000
 867.000000000000    207.000000000000
 853.000000000000    169.000000000000
 843.000000000000    143.000000000000
 832.000000000000    120.000000000000
 823.000000000000    111.000000000000
