 501.000000000000    486.000000000000
 504.000000000000    458.000000000000
 505.000000000000    430.000000000000
 504.000000000000    405.000000000000
 507.000000000000    372.000000000000
 498.000000000000    340.000000000000
 497.000000000000    307.000000000000
 499.000000000000    275.000000000000
 499.000000000000    241.000000000000
 498.000000000000    206.000000000000
 498.000000000000    179.000000000000
 498.000000000000    152.000000000000
 break  break
 562.000000000000    458.000000000000
 612.000000000000    476.000000000000
 644.000000000000    481.000000000000
 677.000000000000    472.000000000000
 682.000000000000    460.000000000000
 688.000000000000    439.000000000000
 684.000000000000    413.000000000000
 672.000000000000    387.000000000000
 656.000000000000    378.000000000000
 626.000000000000    363.000000000000
 607.000000000000    354.000000000000
 582.000000000000    342.000000000000
 587.000000000000    344.000000000000
 640.000000000000    338.000000000000
 657.000000000000    322.000000000000
 682.000000000000    311.000000000000
 699.000000000000    290.000000000000
 694.000000000000    269.000000000000
 687.000000000000    246.000000000000
 671.000000000000    231.000000000000
 646.000000000000    210.000000000000
 610.000000000000    194.000000000000
 579.000000000000    188.000000000000
 break  break
 733.000000000000    321.000000000000
 774.000000000000    289.000000000000
 816.000000000000    322.000000000000
 777.000000000000    289.000000000000
 809.000000000000    261.000000000000
 780.000000000000    288.000000000000
 745.000000000000    253.000000000000
 break  break
 879.000000000000    430.000000000000
 881.000000000000    414.000000000000
 877.000000000000    396.000000000000
 878.000000000000    377.000000000000
 878.000000000000    352.000000000000
 875.000000000000    322.000000000000
 873.000000000000    306.000000000000
 873.000000000000    281.000000000000
 869.000000000000    256.000000000000
 869.000000000000    235.000000000000
 867.000000000000    216.000000000000
 867.000000000000    190.000000000000
 873.000000000000    302.000000000000
 880.000000000000    306.000000000000
 890.000000000000    311.000000000000
 930.000000000000    319.000000000000
 964.000000000000    316.000000000000
 968.000000000000    311.000000000000
 989.000000000000    284.000000000000
 991.000000000000    273.000000000000
 993.000000000000    242.000000000000
 989.000000000000    226.000000000000
 988.000000000000    198.000000000000
 980.000000000000    191.000000000000
 960.000000000000    181.000000000000
 940.000000000000    180.000000000000
 924.000000000000    180.000000000000
 895.000000000000    180.000000000000
 880.000000000000    180.000000000000
 869.000000000000    188.000000000000
 break  break
 1043.00000000000    506.000000000000
 1042.00000000000    491.000000000000
 1044.00000000000    475.000000000000
 1044.00000000000    450.000000000000
 1044.00000000000    422.000000000000
 1043.00000000000    398.000000000000
 1041.00000000000    372.000000000000
 1044.00000000000    348.000000000000
 1044.00000000000    313.000000000000
 1043.00000000000    282.000000000000
 1043.00000000000    254.000000000000
 1044.00000000000    228.000000000000
 1043.00000000000    204.000000000000
 1042.00000000000    187.000000000000
