 473.000000000000    341.000000000000
 455.000000000000    346.000000000000
 434.000000000000    340.000000000000
 422.000000000000    327.000000000000
 410.000000000000    311.000000000000
 395.000000000000    283.000000000000
 392.000000000000    252.000000000000
 410.000000000000    223.000000000000
 424.000000000000    207.000000000000
 455.000000000000    193.000000000000
 471.000000000000    200.000000000000
 485.000000000000    225.000000000000
 break  break
 561.000000000000    339.000000000000
 541.000000000000    332.000000000000
 528.000000000000    310.000000000000
 527.000000000000    294.000000000000
 522.000000000000    272.000000000000
 520.000000000000    248.000000000000
 522.000000000000    225.000000000000
 534.000000000000    210.000000000000
 553.000000000000    206.000000000000
 584.000000000000    210.000000000000
 598.000000000000    222.000000000000
 609.000000000000    234.000000000000
 615.000000000000    255.000000000000
 616.000000000000    264.000000000000
 615.000000000000    285.000000000000
 612.000000000000    297.000000000000
 607.000000000000    313.000000000000
 600.000000000000    327.000000000000
 589.000000000000    332.000000000000
 583.000000000000    334.000000000000
 575.000000000000    335.000000000000
 559.000000000000    339.000000000000
 break break
 684.000000000000    330.000000000000
 666.000000000000    331.000000000000
 656.000000000000    323.000000000000
 648.000000000000    311.000000000000
 648.000000000000    299.000000000000
 652.000000000000    288.000000000000
 665.000000000000    278.000000000000
 679.000000000000    272.000000000000
 686.000000000000    268.000000000000
 693.000000000000    253.000000000000
 693.000000000000    243.000000000000
 687.000000000000    233.000000000000
 680.000000000000    220.000000000000
 675.000000000000    216.000000000000
 659.000000000000    213.000000000000
 642.000000000000    211.000000000000
 break break
 781.000000000000    421.000000000000
 759.000000000000    410.000000000000
 752.000000000000    397.000000000000
 739.000000000000    364.000000000000
 734.000000000000    344.000000000000
 731.000000000000    319.000000000000
 729.000000000000    286.000000000000
 731.000000000000    261.000000000000
 734.000000000000    233.000000000000
 744.000000000000    195.000000000000
 758.000000000000    173.000000000000
 767.000000000000    161.000000000000
 777.000000000000    135.000000000000
 break  break
 766.000000000000    303.000000000000
 776.000000000000    319.000000000000
 792.000000000000    340.000000000000
 797.000000000000    347.000000000000
 809.000000000000    366.000000000000
 818.000000000000    380.000000000000
 815.000000000000    361.000000000000
 817.000000000000    348.000000000000
 819.000000000000    321.000000000000
 820.000000000000    296.000000000000
 820.000000000000    268.000000000000
 820.000000000000    253.000000000000
 819.000000000000    215.000000000000
 820.000000000000    206.000000000000
 823.000000000000    186.000000000000
 break break
 852.000000000000    339.000000000000
 861.000000000000    349.000000000000
 868.000000000000    367.000000000000
 871.000000000000    373.000000000000
 884.000000000000    381.000000000000
 906.000000000000    387.000000000000
 913.000000000000    384.000000000000
 927.000000000000    366.000000000000
 938.000000000000    349.000000000000
 938.000000000000    328.000000000000
 929.000000000000    310.000000000000
 924.000000000000    297.000000000000
 913.000000000000    277.000000000000
 907.000000000000    259.000000000000
 899.000000000000    239.000000000000
 887.000000000000    212.000000000000
 879.000000000000    195.000000000000
 872.000000000000    184.000000000000
 879.000000000000    187.000000000000
 891.000000000000    189.000000000000
 918.000000000000    185.000000000000
 930.000000000000    191.000000000000
 941.000000000000    196.000000000000
 949.000000000000    190.000000000000
 954.000000000000    189.000000000000
 break break
 962.000000000000    440.000000000000
 966.000000000000    426.000000000000
 975.000000000000    397.000000000000
 981.000000000000    380.000000000000
 989.000000000000    346.000000000000
 999.000000000000    305.000000000000
 1003.00000000000    268.000000000000
 1002.00000000000    240.000000000000
 1002.00000000000    204.000000000000
 998.000000000000    177.000000000000
 988.000000000000    148.000000000000
 984.000000000000    140.000000000000
 963.000000000000    122.000000000000
