 502.000000000000    418.000000000000
 509.000000000000    409.000000000000
 517.000000000000    404.000000000000
 529.000000000000    404.000000000000
 541.000000000000    408.000000000000
 550.000000000000    420.000000000000
 556.000000000000    434.000000000000
 553.000000000000    446.000000000000
 547.000000000000    454.000000000000
 536.000000000000    459.000000000000
 517.000000000000    460.000000000000
 501.000000000000    461.000000000000
 491.000000000000    458.000000000000
 477.000000000000    443.000000000000
 473.000000000000    424.000000000000
 471.000000000000    408.000000000000
 474.000000000000    391.000000000000
 489.000000000000    378.000000000000
 528.000000000000    372.000000000000
 535.000000000000    374.000000000000
 559.000000000000    377.000000000000
 576.000000000000    389.000000000000
 587.000000000000    408.000000000000
 591.000000000000    432.000000000000
 588.000000000000    453.000000000000
 577.000000000000    477.000000000000
 567.000000000000    490.000000000000
 541.000000000000    500.000000000000
 527.000000000000    502.000000000000
 501.000000000000    496.000000000000
 474.000000000000    495.000000000000
 443.000000000000    470.000000000000
 438.000000000000    454.000000000000
 435.000000000000    417.000000000000
 435.000000000000    396.000000000000
 449.000000000000    368.000000000000
 462.000000000000    349.000000000000
 486.000000000000    339.000000000000
 533.000000000000    330.000000000000
 586.000000000000    334.000000000000
 599.000000000000    352.000000000000
 611.000000000000    378.000000000000
 619.000000000000    398.000000000000
 621.000000000000    424.000000000000
 620.000000000000    452.000000000000
 615.000000000000    479.000000000000
 595.000000000000    503.000000000000
 569.000000000000    515.000000000000
 551.000000000000    520.000000000000
 511.000000000000    527.000000000000
 478.000000000000    526.000000000000
 446.000000000000    513.000000000000
 421.000000000000    505.000000000000
 396.000000000000    482.000000000000
 397.000000000000    454.000000000000
 395.000000000000    430.000000000000
 393.000000000000    399.000000000000
 399.000000000000    366.000000000000
 412.000000000000    342.000000000000
 429.000000000000    323.000000000000
 462.000000000000    310.000000000000
 489.000000000000    305.000000000000
 530.000000000000    298.000000000000
 577.000000000000    297.000000000000
 613.000000000000    305.000000000000
 629.000000000000    321.000000000000
 639.000000000000    350.000000000000
 643.000000000000    364.000000000000
 649.000000000000    394.000000000000
 653.000000000000    412.000000000000
 654.000000000000    434.000000000000
 649.000000000000    448.000000000000
